








1 1 1 1 1 1 1 1 1 1 1 1 1 1 1 1 1 1 1 1 
1 2 2 2 2 2 2 2 2 2 2 2 2 2 2 2 2 2 2 2 
1 2 3 4 5 8 7 16 9 32 11 64 13 128 15 256 17 512 19 1024 
1 2 4 12 28 74 184 472 1192 3034 7692 19540 49588 125906 319600 811376 2059728 5228914 13274132 33698012 
1 2 5 28 5 308 7 3392 9 37368 11 411664 13 4535088 15 49960704 17 550391072 19 6063371968 
1 2 8 74 308 2144 10640 65350 350588 2048056 11337384 64927604 363943696 2067834700 11648952596 65978136324 372421332936 2106698788256 11900935030208 67287082416580 
1 2 7 184 7 10640 7 602768 9 34132984 11 1933312268 13 109512147164 15 6203392139840 17 351396413556636 19 19905156313629048 
1 2 16 472 3392 65350 602768 9277152 98966276 1363456408 15674553804 204566478858 2441465049952 31026134376016 377240578987836 4731428340594028 58060619271410108 723499756992159556 8918793365733841068 110782338511967959110 
1 2 9 1192 9 350588 9 98966276 9 27833987564 11 7827575547072 13 2201662329939728 15 619313040592944136 17 174213900542085378064 19 49007159454365867061516 
1 2 32 3034 37368 2048056 34132984 1 1 1 1 1 1 1 1 1 1 1 1 1 1 1 1 1 1 1 1 
1 2 2 2 2 2 2 2 2 2 2 2 2 2 2 2 2 2 2 2 
1 2 3 4 5 8 7 16 9 32 11 64 13 128 15 256 17 512 19 1024 
1 2 4 12 28 74 184 472 1192 3034 7692 19540 49588 125906 319600 811376 2059728 5228914 13274132 33698012 
1 2 5 28 5 308 7 3392 9 37368 11 411664 13 4535088 15 49960704 17 550391072 19 6063371968 
1 2 8 74 308 2144 10640 65350 350588 2048056 11337384 64927604 363943696 2067834700 11648952596 65978136324 372421332936 2106698788256 11900935030208 67287082416580 
1 2 7 184 7 10640 7 602768 9 34132984 11 1 1 1 1 1 1 1 1 1 1 
1 2 2 2 1 1 1 1 1 1 
1 2 2 2 2 2 
1 2 3 4 5 8 
1 2 4 12 28 74 
1 2 5 28 5 308 
1 2 8 74 308 2144 
